min=0.99277084218333
avg=0.00037576489
