min=1.93206075996667
avg=0.00073128719