min=1.88479913976667
avg=0.00071339861
