min=1.2375555703
avg=0.00046841618
