min=2.01390546785
avg=0.0007622655
