min=1.92467400581667
avg=0.00072849129
