min=1.03264858345
avg=0.00039085866
