min=1.6386973474833
avg=0.0006202488
