min=1.86828338285
avg=0.00070714738
