min=2.04061642038333
avg=0.00077237563
